100
2 3 4 5 6 9 12 13 18 19 35 36 39 54 56 61 67 78 96 
0 2 3 5 12 13 14 15 19 34 47 53 62 75 82 84 90 91 96 
5 6 7 8 12 13 15 16 28 52 67 83 
1 6 8 9 10 13 14 19 37 78 79 87 93 99 
0 1 3 7 8 9 10 11 12 13 15 29 53 56 63 92 98 
1 4 9 12 13 14 15 17 18 19 36 39 63 78 79 
1 5 7 9 11 12 14 15 16 17 42 
2 3 8 9 10 17 19 23 28 63 66 80 83 91 95 97 
0 3 5 7 10 11 12 14 17 19 26 27 45 50 56 69 81 82 86 93 96 99 
0 4 7 12 13 15 16 17 18 50 62 69 72 87 92 97 
0 3 5 6 8 9 12 13 15 28 44 65 80 92 93 96 
1 2 4 6 7 8 12 13 14 16 18 29 43 47 59 66 72 82 85 92 
0 1 2 3 5 13 14 17 18 19 30 56 64 69 83 91 
0 2 4 6 9 10 12 43 79 89 
1 3 4 6 8 10 12 55 61 70 72 75 81 
1 3 6 9 10 12 16 18 19 28 35 43 60 62 82 88 95 
3 7 9 10 12 14 17 18 19 25 26 29 38 60 65 97 
1 2 4 5 7 8 10 11 12 16 18 19 30 33 36 76 
2 4 5 7 8 9 10 12 14 15 16 17 35 43 63 76 88 
0 1 3 4 5 6 7 9 10 13 16 18 34 56 66 68 70 71 74 76 77 85 86 
9 13 21 22 23 24 25 27 34 35 36 37 59 64 70 84 87 89 92 
3 15 20 24 26 28 29 32 35 37 38 46 60 61 64 70 79 80 
17 20 23 25 28 30 31 32 35 36 38 60 67 81 
20 21 24 25 27 35 36 52 62 69 71 75 89 
18 25 26 30 31 35 36 37 38 39 40 42 48 52 53 61 62 66 91 96 
21 22 24 26 27 31 32 34 35 36 39 57 72 78 99 
10 13 15 16 18 22 24 25 28 29 70 
20 21 22 25 26 28 29 31 32 34 35 36 37 38 39 53 73 80 90 
7 13 15 24 26 29 31 33 37 39 76 89 
5 15 24 26 27 28 30 31 32 37 38 39 59 60 68 
1 12 18 19 20 21 22 24 26 27 31 32 35 36 39 46 
20 21 23 24 25 29 33 37 63 85 88 
1 3 13 16 20 22 27 28 29 33 34 38 39 54 82 86 92 
6 11 13 18 22 24 27 28 29 30 32 34 36 37 38 40 72 
3 7 18 20 24 25 27 30 31 32 33 36 37 38 39 40 42 44 80 81 
9 22 23 29 30 32 34 36 47 56 80 
20 22 24 25 26 27 28 29 32 38 56 61 93 
1 12 20 21 25 26 27 28 29 30 31 32 33 35 67 68 70 74 79 87 
9 14 18 20 23 24 26 28 33 44 55 58 59 62 69 
17 20 21 22 23 24 26 27 30 34 35 36 37 38 77 88 
20 23 44 45 47 48 49 52 54 55 57 58 61 64 94 96 97 
35 44 45 47 50 54 55 56 57 58 59 83 86 
4 18 23 38 44 45 47 51 53 54 56 57 59 62 89 
6 7 10 17 40 44 45 46 48 49 50 52 56 57 58 65 95 96 97 
39 40 41 42 43 47 48 50 52 54 56 58 59 74 82 84 95 
1 2 8 19 35 40 41 46 49 51 52 53 56 58 67 84 91 
7 11 13 20 21 25 27 36 40 41 42 43 44 48 49 52 54 56 57 59 67 76 88 
6 34 40 43 46 48 51 54 55 56 70 80 95 
3 20 37 40 41 43 45 46 50 51 52 54 56 59 63 70 90 
5 30 41 42 43 45 46 50 54 55 56 57 59 91 92 99 
11 40 42 43 44 46 47 48 49 52 53 54 57 59 73 
14 33 34 40 41 44 47 48 49 50 52 54 55 57 58 65 97 99 
24 34 41 42 44 45 46 47 48 51 55 56 57 59 63 73 78 91 94 
24 28 29 35 38 42 45 47 51 52 55 57 58 59 64 67 68 72 73 76 78 93 
6 21 37 44 45 48 50 52 56 57 69 
38 40 41 46 48 49 51 53 54 56 59 60 78 90 
0 1 10 23 40 41 43 44 45 50 51 53 55 57 58 59 70 76 82 90 
0 3 5 7 9 18 40 41 42 45 48 49 50 51 54 55 56 58 59 65 87 
24 42 44 47 48 50 52 53 54 55 57 59 72 78 
6 11 18 29 30 31 33 38 41 42 44 45 46 47 48 50 51 52 53 54 55 57 58 74 99 
2 3 12 43 54 61 62 67 69 71 73 75 79 91 
27 36 38 41 53 54 55 58 59 60 67 68 69 72 73 74 76 79 98 
5 23 31 43 60 63 64 66 68 75 77 82 
15 16 21 36 38 40 61 64 65 66 68 69 70 71 72 74 75 77 78 80 86 
31 36 38 39 49 65 66 67 68 69 70 71 72 74 75 77 78 79 81 95 
0 12 14 15 17 23 48 49 53 61 62 63 67 68 74 75 76 79 97 
46 48 50 56 62 67 71 72 74 75 78 83 
3 10 12 30 42 63 64 65 66 70 74 76 77 79 
15 35 67 71 72 73 76 77 90 91 
22 40 51 54 60 61 62 63 64 65 68 71 74 76 77 78 90 93 
2 14 33 36 41 59 61 63 66 69 71 74 77 78 79 
5 14 58 60 61 64 65 66 69 70 73 76 87 90 93 94 
5 10 14 16 27 54 60 61 63 64 66 69 70 73 75 76 79 
20 21 31 47 52 56 59 61 62 65 69 71 74 78 79 
19 34 60 61 62 64 65 66 67 69 71 72 75 76 77 78 90 91 
6 9 21 60 61 64 65 67 70 71 72 73 74 78 79 
11 12 32 33 61 62 65 68 70 71 73 75 77 78 82 97 
0 1 7 22 46 48 61 63 64 65 69 70 71 72 73 75 78 79 80 94 
1 2 12 17 30 31 39 53 60 61 62 64 66 68 69 74 76 79 
2 3 9 12 15 36 47 61 64 66 67 70 71 72 74 75 77 88 95 
2 20 24 28 29 30 34 37 77 81 82 85 87 89 90 95 97 99 
0 1 3 10 34 69 77 80 82 83 85 89 91 94 98 99 
10 11 13 27 37 66 79 84 85 86 87 89 90 93 94 96 98 
2 16 20 41 47 49 66 73 80 85 87 88 89 91 92 93 94 95 96 98 99 
20 21 22 23 40 41 44 46 54 58 59 68 76 80 82 83 86 87 90 93 94 95 96 97 98 
0 11 20 27 54 59 77 81 83 86 88 89 91 92 93 94 95 98 
10 24 33 34 40 47 49 57 66 69 80 81 82 83 85 87 88 89 91 93 96 
8 9 10 11 13 31 38 45 58 81 82 85 86 89 91 92 94 96 97 
2 8 11 27 32 33 36 43 45 47 63 66 80 81 84 87 89 90 91 92 95 97 
19 20 22 31 36 45 70 71 77 80 82 85 86 87 91 94 97 
1 33 49 75 80 81 83 84 85 86 88 89 91 92 94 99 
5 11 20 21 31 71 80 82 83 84 85 87 89 93 94 97 98 
12 28 34 41 47 67 74 82 85 88 89 90 94 95 98 99 
42 58 80 82 84 86 90 91 92 98 
14 64 68 69 73 75 77 81 83 84 86 90 91 92 95 96 97 
4 7 10 41 82 86 87 88 89 91 92 93 94 96 97 98 
27 33 35 36 41 51 83 89 90 91 93 94 95 97 98 99 
10 13 14 41 43 49 53 54 58 81 82 84 85 88 90 91 92 93 98 99 
5 15 27 41 68 75 81 85 88 91 93 95 
3 13 15 16 29 30 47 49 54 63 66 80 81 82 84 85 86 88 89 90 91 93 94 95 97 
